61.938
55.453
56.812
55.944
52.535
52.043
49.711
48.191
47.384
45.12
42.314
43.475
40.455
41.307
39.287
36.965
37.891
34.209
36.314
38.106
36.543
35.913
34.846
33.549
35.233
35.59
34.897
32.303
34.418
35.111
35.591
34.655
33.436
32.815
35.746
34.015
34.566
35.052
33.819
35.796
33.71
36.704
34.869
32.874
34.895
33.881
37.063
34.735
32.829
34.078
33.442
33.635
32.143
33.397
32.218
34.803
33.209
33.157
35.598
35.441
33.726
34.838
35.952
32.103
34.02
33.859
33.32
31.42
34.077
31.786
31.758
35.967
32.993
34.071
31.327
32.703
31.842
34.998
33.025
32.87
34.272
34.493
32.709
32.848
31.927
34.449
33.384
32.991
33.023
30.937
34.001
33.832
32.814
34.643
33.098
31.974
32.529
33.807
32.76
30.845