61.938
55.453
56.812
55.944
52.535
52.043
49.711
48.191
47.384
45.12
42.314
43.475
40.455
41.307
39.287
36.965
37.891
34.209
36.314
38.106
36.543
35.913
34.846
33.549
35.233
35.59
34.897
32.303
34.418
35.111
35.591
34.655
33.436
32.815
35.746
34.015
34.566
35.052
33.819
35.796
33.71
36.704
34.869
32.874
34.895
33.881
37.063
34.735
32.829
34.078
33.442
33.635
32.143
33.397
32.218
34.803
33.209
33.157
35.598
35.441
33.726
34.838
35.952
32.103
34.02
33.859
33.32
31.42
34.077
31.786
31.758
35.967
32.993
34.071
31.327
32.703
31.842
34.998
33.025
32.87
34.272
34.493
32.709
32.848
31.927
34.449
33.384
32.991
33.023
30.937
34.001
33.832
32.814
34.643
33.098
31.974
32.529
33.807
32.76
30.845
32.277
32.843
33.966
33.046
33.604
30.08
32.403
32.215
32.431
33.584
31.931
31.65
33.378
31.538
33.327
32.178
33.549
30.073
30.328
31.36
31.663
31.653
31.414
31.812
30.8
33.464
31.782
33.594
32.784
33.186
32.634
30.673
32.149
32.156
32.648
31.619
31.251
30.013
30.218
30.861
31.793
33.206
32.568
32.545
30.518
31.703
33.894
31.334
31.555
31.847
31.611
31.933
31.751
30.365
33.253
31.437
30.043
29.225
31.131
31.528
29.883
32.976
29.082
32.684
31.36
31.58
28.707
30.4
30.847
31.253
29.063
30.826
27.771
32.529
31.272
31.585
32.566
30.824
31.23
30.808
30.806
31.396
29.649
31.396
28.349
31.589
29.465
31.827
30.697
31.17
30.567
29.642
28.966
30.449
31.131
29.733
30.083
30.022
30.775
31.873
29.786
29.217
29.348
31.099
29.643
29.402
30.763
30.223
31.716
28.4
31.358
31.645
29.374
29.397
29.34
28.401
29.256
31.47
31.375
27.792
29.88
30.125
32.716
29.466
29.454
29.254
28.712
30.381
30.459
26.62
29.787
31.881
29.399
28.027
30.205
29.733
28.754
29.127
28.957
28.959
28.649
30.255
29.939
28.249
29.747
30.401
29.303
28.852
30.242
28.46
29.345
28.451
29.233
30.12
27.817
28.901
28.152
29.937
29.35
29.009
30.562
27.991
29.689
29.738
30.289
29.318
26.536
29.363
28.119
28.499
29.087
29.52
29.205
27.672
29.957
27.351
28.087
28.231
30.704
28.685
29.925
29.916
30.935
27.459
29.324
28.937
30.622
28.165
28.733
28.806
26.407
28.725
28.972
27.608
29.505
27.403
28.499
28.331
27.045
27.987
29.386
29.455
28.986
28.481
28.176
28.388
27.853
29.245
26.195
28.526
29.058
27.534
25.958
27.934
28.843
29.468
27.252
26.976
28.593
26.736
26.915
26.266
27.606
26.235
26.409
28.477
28.354
28.423
28.61
27.497
28.405
27.703
27.706
28.743
28.632
27.393
26.745
26.928
26.513
29.41
27.807
26.699
27.38
28.266
28.323
26.38
28.244
26.876
26.737
29.69
30.234
27.42
26.951
27.295
27.046
26.897
26.206
28.555
27.021
26.521
27.429
29.25
26.263
27.779
28.082
28.183
25.179
26.903
28.073
26.98
27.773
27.39
28.847
25.261
27.29
27.892
27.421
25.909
26.994
27.903
26.532
27.294
26.186
27.903
26.915
28.402
26.909
27.446
27.133
27.385
26.017
27.135
25.011
26.839
27.227
26.812
27.649
25.3
25.753
28.434
27.024
27.384
26.94
27.208
26.505
26.062
25.797
25.974
26.576
27.643
26.236
27.782
26.706
27.207
26.771
25.778
26.074
26.628
25.441
27.176
27.161
27.639
25.508
26.096
25.824
26.704
26.292
27.791
25.445
26.797
27.56
24.97
26.868
25.436
25.706
26.38
26.15
26.697
24.054
26.393
27.1
25.656
25.583
25.745
27.139
25.458
25.506
26.966
27.482
26.172
25.906
27.261
26.272
24.191
26.334
24.728
26.132
26.114
25.411
26.439
26.615
26.372
24.987
27.283
25.345
24.186
25.421
25.118
26.894
24.078
26.909
25.793
26.21
25.658
26.37
24.424
24.849
23.803
25.966
25.013
24.756
26.273
23.492
24.668
24.505
26.4
27.22
24.362
25.538
25.488
23.769
24.98
23.914
24.847
27.567
25.028
25.689
24.986
